image: ./hero.png
resolution: 0.005000
origin: [-93.200000, -146.000000, 0.000000]
negate: 0
occupied_thresh: 0.65
free_thresh: 0.196

